7 
5 0.0000640000 0.0000600000 0.0000590000 0.0000560000 0.0000550000 0.0000520000 0.0000520000 
7 0.0002750000 0.0002610000 0.0002600000 0.0002620000 0.0002480000 0.0002480000 0.0002470000 
9 0.0014700000 0.0012710000 0.0012020000 0.0012340000 0.0012420000 0.0012030000 0.0012490000 
10 0.0025910000 0.0026060000 0.0026410000 0.0026620000 0.0026730000 0.0026820000 0.0026510000 
11 0.0118880000 0.0119910000 0.0119120000 0.0118890000 0.0120380000 0.0118850000 0.0119520000 
12 0.0287570000 0.0282710000 0.0283290000 0.0281980000 0.0286120000 0.0283470000 0.0282830000 
13 0.1395460000 0.1720780000 0.1398030000 0.1396690000 0.1401640000 0.1397560000 0.1728890000 
14 0.3644410000 0.3682960000 0.3675630000 0.3657730000 0.3674990000 0.3698940000 0.3664710000 
15 1.9542330000 1.9429600000 1.9402030000 1.9428860000 1.9398180000 1.9428440000 1.9392430000 
16 5.4539550000 5.4547040000 5.4593640000 5.4745870000 5.4689570000 5.4667820000 5.4720020000 
17 31.0573100000 31.0278910000 30.9857780000 30.9814970000 30.9927000000 31.0534210000 31.0103290000 
18 93.0950320000 92.9560660000 92.6680990000 93.0360340000 93.0208130000 92.6649510000 93.0852440000 
