7 
5 0.0000300000 0.0000310000 0.0000310000 0.0000310000 0.0000300000 0.0000310000 0.0000310000 
7 0.0001590000 0.0001590000 0.0001600000 0.0001600000 0.0001600000 0.0001590000 0.0001600000 
9 0.0012220000 0.0012330000 0.0012470000 0.0012180000 0.0012400000 0.0012460000 0.0012440000 
10 0.0026660000 0.0026670000 0.0026630000 0.0026570000 0.0026580000 0.0026620000 0.0026780000 
11 0.0117660000 0.0116360000 0.0116610000 0.0116760000 0.0116540000 0.0116670000 0.0120560000 
12 0.0282550000 0.0282300000 0.0282950000 0.0285990000 0.0283240000 0.0281770000 0.0282640000 
13 0.1395120000 0.1392170000 0.1390410000 0.1498130000 0.1391740000 0.1396600000 0.1393550000 
14 0.3650630000 0.3647740000 0.3652560000 0.3655230000 0.3644380000 0.3641040000 0.3649170000 
15 1.9404150000 1.9513690000 1.9384210000 1.9471130000 1.9393390000 1.9527820000 1.9438820000 
16 5.4805150000 5.4750250000 5.4563880000 5.4746410000 5.4714750000 5.5045610000 5.4647190000 
17 31.0026820000 31.0577970000 30.9757750000 30.9972850000 32.5024720000 31.0472210000 31.0162580000 
18 92.8762010000 109.7697220000 92.8545880000 92.8745010000 93.3316460000 92.9553570000 92.7260150000 
