7 
10000 0.0129230000 0.0160380000 0.0137490000 0.0087170000 0.0131060000 0.0118330000 0.0117550000 
20000 0.0199010000 0.0253200000 0.0183720000 0.0253050000 0.0219540000 0.0205170000 0.0211150000 
30000 0.0327320000 0.0322480000 0.0327210000 0.0345260000 0.0296250000 0.0292210000 0.0283660000 
40000 0.0462120000 0.0456160000 0.0405650000 0.0406310000 0.0413520000 0.0464330000 0.0442710000 
50000 0.0544720000 0.0505930000 0.0530600000 0.0479800000 0.0503500000 0.0491470000 0.0491150000 
60000 0.0599590000 0.0611640000 0.0595330000 0.0608830000 0.0595530000 0.0603890000 0.0595810000 
70000 0.0776480000 0.0728990000 0.0733280000 0.0724500000 0.0757820000 0.0765160000 0.0739010000 
80000 0.0805880000 0.0833850000 0.0834240000 0.0818470000 0.0826340000 0.0841140000 0.0803260000 
90000 0.0974740000 0.0901260000 0.0905520000 0.0933840000 0.0982920000 0.0933030000 0.0941620000 
100000 0.1054490000 0.1029690000 0.1088030000 0.1047770000 0.1085720000 0.1042940000 0.1084140000 
110000 0.1169360000 0.1129810000 0.1125480000 0.1117190000 0.1111040000 0.1124330000 0.1128560000 
120000 0.1259680000 0.1257090000 0.1248840000 0.1233490000 0.1222000000 0.1256270000 0.1224040000 
130000 0.1348070000 0.1327310000 0.1321700000 0.1324030000 0.1320870000 0.1363970000 0.1360440000 
140000 0.1562500000 0.1515920000 0.1571840000 0.1488540000 0.1515330000 0.1527870000 0.1537590000 
150000 0.1631750000 0.1609650000 0.1613270000 0.1613130000 0.1610220000 0.1609110000 0.1614590000 
160000 0.1736900000 0.1715650000 0.1710740000 0.1711050000 0.1713750000 0.1715040000 0.1737500000 
170000 0.1875870000 0.1812840000 0.1822920000 0.1814010000 0.1829750000 0.1821570000 0.1822620000 
180000 0.1925600000 0.1933250000 0.1928760000 0.1913670000 0.1923620000 0.1927170000 0.1930450000 
190000 0.2077130000 0.2025930000 0.2026180000 0.2081550000 0.2082000000 0.2080960000 0.2079290000 
200000 0.2179580000 0.2101920000 0.2129980000 0.2131200000 0.2140520000 0.2135890000 0.2135840000 
210000 0.2257820000 0.2238880000 0.2241210000 0.2243490000 0.2223890000 0.2241620000 0.2250660000 
220000 0.2369110000 0.2330040000 0.2342630000 0.2313080000 0.2332330000 0.2340190000 0.2337830000 
230000 0.2441610000 0.2414530000 0.2473490000 0.2440540000 0.2439220000 0.2427080000 0.2433720000 
240000 0.2546650000 0.2553290000 0.2562390000 0.2560710000 0.2584690000 0.2519270000 0.2543020000 
250000 0.2696090000 0.2660910000 0.2654700000 0.2652650000 0.2651950000 0.2656240000 0.2652930000 
260000 0.2766100000 0.2757690000 0.2762980000 0.2760100000 0.2752450000 0.2740780000 0.2746330000 
270000 0.3064970000 0.3038260000 0.3029480000 0.3030170000 0.3029520000 0.3017710000 0.3032990000 
280000 0.3161010000 0.3140780000 0.3154180000 0.3140610000 0.3139970000 0.3135290000 0.3136140000 
290000 0.3292390000 0.3284450000 0.3283950000 0.3280010000 0.3279960000 0.3243500000 0.3271660000 
300000 0.3373840000 0.3388730000 0.3351100000 0.3348570000 0.3359970000 0.3346340000 0.3365620000 
