7 
5 0.0000560000 0.0000520000 0.0000530000 0.0000520000 0.0000490000 0.0000500000 0.0000490000 
7 0.0002500000 0.0002480000 0.0002370000 0.0002350000 0.0002530000 0.0001600000 0.0001600000 
9 0.0012010000 0.0012380000 0.0012430000 0.0012020000 0.0012450000 0.0012280000 0.0012520000 
10 0.0026650000 0.0026270000 0.0026630000 0.0026440000 0.0027240000 0.0025990000 0.0027170000 
11 0.0118050000 0.0121380000 0.0120090000 0.0119460000 0.0119780000 0.0120120000 0.0121270000 
12 0.0292520000 0.0283520000 0.0283260000 0.0286460000 0.0287120000 0.0282350000 0.0283040000 
13 0.1395520000 0.1474160000 0.1394240000 0.1393060000 0.1398370000 0.1390630000 0.1395440000 
14 0.3649420000 0.3650690000 0.3650910000 0.3647830000 0.3660760000 0.3656410000 0.3641720000 
15 1.9424640000 1.9418900000 1.9420580000 1.9419380000 1.9420260000 1.9454960000 1.9390440000 
16 5.4665910000 5.4651130000 5.4539070000 5.4637990000 5.4594680000 5.4867870000 5.4660250000 
17 30.9856120000 30.9658300000 31.0344170000 31.0133770000 31.0288100000 30.9961780000 31.0243310000 
18 92.8849220000 92.6617590000 92.7321940000 93.1689230000 93.2487200000 92.7012560000 93.0622590000 
