7 
100000 0.0015910000 0.0015950000 0.0016400000 0.0015560000 0.0015510000 0.0015500000 0.0015560000 
110000 0.0017120000 0.0017210000 0.0017150000 0.0017210000 0.0017140000 0.0017170000 0.0017300000 
120000 0.0019870000 0.0018690000 0.0018740000 0.0018520000 0.0018540000 0.0018580000 0.0018600000 
130000 0.0021660000 0.0020020000 0.0020450000 0.0022280000 0.0020050000 0.0020240000 0.0019990000 
140000 0.0023240000 0.0022010000 0.0021500000 0.0021550000 0.0021560000 0.0021800000 0.0021510000 
150000 0.0023240000 0.0024810000 0.0024630000 0.0025050000 0.0024760000 0.0024900000 0.0024690000 
160000 0.0024730000 0.0024770000 0.0024710000 0.0024950000 0.0025520000 0.0025040000 0.0024770000 
170000 0.0026150000 0.0026270000 0.0026490000 0.0026440000 0.0026560000 0.0026400000 0.0026400000 
180000 0.0027630000 0.0027980000 0.0027850000 0.0027720000 0.0027840000 0.0027700000 0.0028570000 
190000 0.0029030000 0.0029220000 0.0029620000 0.0029580000 0.0029480000 0.0029250000 0.0029450000 
200000 0.0030660000 0.0030790000 0.0030780000 0.0030780000 0.0030720000 0.0030850000 0.0030770000 
